# id	left	top	right	bottom	texture_id
[SPRITES]
20001	1004	18	1019	33	21
#gold brick
20002	1038	35	1053	50	21
20003	1055	35	1070	50	21
20004	1072	35	1087	50	21
20005	1089	35	1104	50	21
#Question brick
20006	1140	35	1155	50	21
20007	1157	35	1172	50	21
20008	1174	35	1189	50	21
20009	1191	35	1206	50	21
#Empty brick
20000	1208	1	1223	16	21

# ani_id	sprite1_id	time1	sprite2_id	time2	...
[ANIMATIONS]
#gold brick
10000	20002	200	20003	200	20004	200	20005	200
#question brick
10001	20006	200	20007	200	20008	200	20009	200
#empty brick
10002	20000	100