# id	left	top	right	bottom	texture_id
[SPRITES]
#RED
#WALK LEFT
35101	28	67	43	92	11
35102	47	66	62	92	11
#WALK RIGHT
35111	356	67	371	92	11
35112	337	66	352	92	11
#SHELL
#down
35201	29	97	44	112	11
35202	71	75	88	90	11
35203	50	96	65	111	11
35204	71	96	86	111	11
#up
35211	208	98	223	113	11
35212	232	98	249	113	11

#GREEN
#WALK LEFT
35301	31	119	46	144	11
35302	50	118	65	144	11
#WALK RIGHT
35311	356	99	371	124	11
35312	337	98	352	124	11
#SHELL
#down
35401	32	149	47	164	11
35402	74	127	91	142	11
35403	53	148	68	163	11
35404	74	148	89	163	11
#up
35411	256	146	271	161	11
35412	280	146	297	161	11

#GREEN WING
#Fly left
35500	105	130	120	155	11
35501	126	130	141	155	11
35502	147	130	162	155	11
#FLy Right
35510	314	129	329	154	11
35511	335	129	350	154	11
35512	356	129	371	154	11	

# ani_id	sprite1_id	time1	sprite2_id	time2	...
[ANIMATIONS]
##RED
#WALKING LEFT & RIGHT
6000	35101	100	35102	100
6001	35111	100	35112	100
#SHELL DOWN & UP
6010	35201	100
6011	35211	100
#SHELL reform DOWN & UP
6020	35201	100	35202	100
6021	35211	100	35212	100
#ATTACKING
6030	35201	100	35203	100	35204	100

##GREEN
#WALKING LEFT & RIGHT
6100	35301	100	35302	100
6101	35311	100	35312	100
#SHELL DOWN & UP
6110	35401	100
6111	35411	100
#SHELL reform DOWN & UP
6120	35401	100	35402	100
6121	35411	100	35412	100
#ATTACKING
6130	35401	100	35403	100	35404	100

##GREEN WING
#Fly LEFT & RIGHT
6200	35500	100	35501	100	35502	100
6201	35510	100	35511	100	35512	100