# list of object assets to load in this scene
[ASSETS]
hud.txt
worldmap.txt
misc.txt
mario.txt
spriteForintro.txt
#x + 39, y + 12
[OBJECTS]
# All object: 
# type	x	y	extra_settings per object type
# type: 0 = Mario , 1 = Brick, 2 = Goomba, 3 = Koopas, 4 = coin, 5 = platform, 6 = platform animate, 8 = plant
# See OBJECT_TYPE constants in AssetIDs.h 

# MARIO
0	60	49

# Enemy
11	171	113	30

#Platform animate	aniOrsprite	type(1: blocking(default), 2: gate)	isAni(1: animation(default), 0: sprite)
6	44	17	20000	1	1
6	60	17	20000	1	1
6	76	17	20000	1	1
6	228	17	20000	1	1
6	244	17	20000	1	1

6	44	33	20000	1	1
6	60	33	20000	1	1
6	76	33	20000	1	1
6	108	33	20000	1	1
6	124	33	20000	1	1
6	140	33	20000	1	1
6	172	33	20000	1	1
6	188	33	20000	1	1
6	204	33	20000	1	1
6	228	33	20000	1	1
6	244	33	20000	1	1

6	108	49	20000	1	1
6	124	49	20000	1	1
6	140	49	20000	1	1
6	228	49	20000	1	1
6	244	49	20000	1	1

6	44	65	20000	1	1
6	60	65	20000	1	1
6	76	65	20000	1	1
6	108	65	20000	1	1
6	124	65	20000	1	1
6	140	65	20000	1	1
6	172	65	20000	1	1
6	188	65	20000	1	1
6	204	65	20000	1	1
6	228	65	20000	1	1
6	244	65	20000	1	1

6	44	81	20000	1	1
6	60	81	20000	1	1
6	76	81	20000	1	1
6	172	81	20000	1	1
6	188	81	20000	1	1
6	244	81	20000	1	1

6	44	97	20000	1	1
6	124	97	20000	1	1
6	140	97	20000	1	1
6	156	97	20000	1	1
6	244	97	20000	1	1

6	244	113	20000	1	1
6	244	129	20000	1	1
6	244	145	20000	1	1

#Portal
50	92	17	100	30	5	2
50	156	17	164	30	5	2
50	188	17	196	30	5	2
50	188	49	196	62	5	2
50	92	146	100	153	5	2
50	156	146	164	153	5	2


#Symbol Help
6	228	97	20001	1	1

#Start
6	60	49	80000	2	0
#Scene
6	92	17	80010	2	0
6	156	17	80011	2	0
6	188	17	80012	2	0
6	188	49	80013	2	0
6	92	146	80014	2	0
6	156	146	80015	2	0
#5	92	17	15	15	1	80010	80010	80010	10
#5	156	17	15	15	1	80011	80011	80011	10
#5	188	17	15	15	1	80012	80012	80012	10
#5	188	49	15	15	1	80013	80013	80013	10
#5	92	146	15	15	1	80014	80014	80014	10
#5	156	146	15	15	1	80015	80015	80015	10


#Bridge
6	172	113	80320	3	0
#5	172	113	15	15	1	80320	80320	80320	30

#Door
5	92	65.5	15	15	1	80022	80022	80022	10

#Gate
6	124	81	80021	2	0
#5	124	81	15	15	1	80021	80021	80021	30

#Ace
6	156	81	80020	2	0
#5	156	81	15	15	1	80020	80020	80020	30

#Castle
5	212	97	15	15	1	80025	80025	80025	10
5	212	113	15	15	1	80024	80024	80024	10

#Mountain
5	76.5	113	15	15	1	80310	80310	80310	10
5	108	113	15	15	1	80310	80310	80310	10

5	76.5	129	15	15	1	80310	80310	80310	10
5	76.5	146	15	15	1	80310	80310	80310	10
5	108	129	15	15	1	80310	80310	80310	10
5	124	129	15	15	1	80310	80310	80310	10

5	60	129	15	15	1	80310	80310	80310	10
5	60	146	15	15	1	80310	80310	80310	10

#Mushroom House
5	212	49	15	15	1	80023	80023	80023	10
5	124	113	15	15	1	80023	80023	80023	10
#Path
6	92	49	80032	2	0
6	124	17	80032	2	0
6	212	17	80032	2	0
6	156	49	80032	2	0
6	92	81	80032	2	0
6	92	113	80032	2	0
6	156	113	80032	2	0
6	186	113	80032	2	0
6	124	146	80032	2	0
#5	92	49	16	15	1	80032	80032	80032	10
#5	124	17	16	15	1	80032	80032	80032	10
#5	212	17	16	15	1	80032	80032	80032	10
#5	156	49	16	15	1	80032	80032	80032	10
#5	92	81	16	15	1	80032	80032	80032	10
#5	92	113	16	15	1	80032	80032	80032	10
#5	156	113	16	15	1	80032	80032	80032	10
#5	124	146	16	15	1	80032	80032	80032	10



5	44	49	16	15	4	80030	80030	80030	30
5	93	17	15	15	3	80030	80030	80030	30
5	137	17	15	15	6	80030	80030	80030	30


5	92	17	16	15	1	80031	80031	80031	30
5	92	33	16	15	1	80031	80031	80031	30
5	92	49	16	15	1	80031	80031	80031	30

5	156	17	16	15	1	80031	80031	80031	30
5	156	33	16	15	1	80031	80031	80031	30
5	156	49	16	15	1	80031	80031	80031	30
5	212	33	16	15	1	80031	80031	80031	30
5	92	81	16	15	1	80031	80031	80031	30

5	156	64	16	15	1	80031	80031	80031	30
5	156	80	16	15	1	80031	80031	80031	30


5	92	97	16	15	1	80031	80031	80031	30
5	92	113	16	15	1	80031	80031	80031	30
5	92	129	16	15	1	80031	80031	80031	30
5	92	145	16	15	1	80031	80031	80031	30

5	156	129	16	15	1	80031	80031	80031	30

5	187	113	16	15	2	80030	80030	80030	30
5	108	146	16	15	2	80030	80030	80030	30

5	140	146	16	15	2	80030	80030	80030	30
5	140	113	16	15	2	80030	80030	80030	30


5	164	49	16	15	3	80030	80030	80030	30
5	107	81	16	15	4	80030	80030	80030	30



#Drain
5	167	93	7	7	1	80411	80411	80413	30
5	175	93	7	7	1	80432	80432	80432	30
5	183	93	7	7	1	80431	80431	80431	30
5	191	93	7	7	1	80432	80432	80432	30

5	175	101	8	7	3	80400	80401	80402	30
#5	183	101	7	7	1	80401	80401	80401	30
#5	191	101	7	7	1	80401	80401	80401	30
5	199	100	7	7	1	80402	80402	80402	30
5	207	101	7	7	1	80422	80422	80422	30
5	207	93	7	7	1	80420	80420	80420	30
5	207	85	7	7	1	80400	80400	80400	30
5	215	85	7	7	1	80401	80401	80401	30
5	223	85	7	7	1	80403	80403	80403	30
#5	231	85	7	7	1	80403	80403	80403	30
5	223	93	7	7	1	80413	80413	80413	30
5	223	93	7	7	1	80423	80423	80423	30
5	223	101	7	7	1	80413	80413	80413	30
5	223	109	7	7	1	80423	80423	80423	30
5	223	117	7	7	1	80413	80413	80413	30
5	223	125	7	7	1	80423	80423	80423	30
5	223	133	7	7	1	80413	80413	80413	30
#5	223	141	7	7	1	80423	80423	80423	30

5	223	141	7	7	1	80433	80433	80433	30
5	215	141	7	7	1	80432	80432	80432	30
5	207	141	7	7	1	80431	80431	80431	30
5	199	141	7	7	1	80432	80432	80432	30
5	191	141	7	7	1	80431	80431	80431	30
5	183	141	7	7	1	80432	80432	80432	30

5	175	141	7	7	1	80430	80430	80430	30
5	175	133	7	7	1	80420	80420	80420	30
5	175	125	7	7	1	80410	80410	80410	30


5	167	100	8	7	1	80413	80413	80413	30
5	167	108	8	7	1	80423	80423	80423	30

5	167	124	8	7	1	80413	80413	80413	30
5	167	132	8	7	1	80423	80423	80423	30
5	167	140	8	7	1	80423	80423	80423	30
5	167	148	8	7	1	80421	80421	80421	30
5	175	148	8	7	1	80401	80401	80401	30
5	183	148	8	7	1	80401	80401	80401	30
5	191	148	8	7	1	80402	80402	80402	30
5	199	148	8	7	1	80401	80401	80401	30
5	207	148	8	7	1	80402	80402	80402	30
5	215	148	8	7	1	80401	80401	80401	30
5	223	148	8	7	1	80402	80402	80402	30

5	231	148	8	7	1	80422	80422	80422	30
5	231	140	8	7	1	80420	80420	80420	30
5	231	132	8	7	1	80420	80420	80420	30
5	231	124	8	7	1	80410	80410	80410	30
5	231	116	8	7	1	80420	80420	80420	30
5	231	108	8	7	1	80410	80410	80410	30
5	231	100	8	7	1	80420	80420	80420	30
5	231	92	8	7	1	80410	80410	80410	30
5	231	84	8	7	1	80410	80410	80410	30

5	231	77	8	7	1	80412	80412	80412	30
5	223	77	8	7	1	80432	80432	80432	30
5	215	77	8	7	1	80432	80432	80432	30
5	207	77	8	7	1	80431	80431	80431	30
5	199	77	8	7	1	80411	80411	80411	30

5	199	85	8	7	1	80413	80413	80413	30
5	199	93	8	7	1	80433	80433	80433	30

#5	199	77	8	7	1	80431	80431	80431	30
#5	191	77	8	7	1	80431	80431	80431	30


#BACKGROUND
#Map border
5	32	5	8	8	29	80100	80101	80102	10
5	32	13	8	8	1	80110	80110	80110	10
5	32	21	8	8	1	80110	80110	80110	10
5	32	29	8	8	1	80110	80110	80110	10
5	32	37	8	8	1	80110	80110	80110	10
5	32	45	8	8	1	80110	80110	80110	10
5	32	53	8	8	1	80110	80110	80110	10
5	32	61	8	8	1	80110	80110	80110	10
5	32	69	8	8	1	80110	80110	80110	10
5	32	77	8	8	1	80110	80110	80110	10
5	32	85	8	8	1	80110	80110	80110	10
5	32	93	8	8	1	80110	80110	80110	10
5	32	101	8	8	1	80110	80110	80110	10
5	32	109	8	8	1	80110	80110	80110	10
5	32	117	8	8	1	80110	80110	80110	10
5	32	125	8	8	1	80110	80110	80110	10
5	32	133	8	8	1	80110	80110	80110	10
5	32	141	8	8	1	80110	80110	80110	10
5	32	149	8	8	1	80110	80110	80110	10
5	32	157	8	8	1	80110	80110	80110	10
5	256	13	8	8	1	80110	80110	80110	10
5	256	21	8	8	1	80110	80110	80110	10
5	256	29	8	8	1	80110	80110	80110	10
5	256	37	8	8	1	80110	80110	80110	10
5	256	45	8	8	1	80110	80110	80110	10
5	256	53	8	8	1	80110	80110	80110	10
5	256	61	8	8	1	80110	80110	80110	10
5	256	69	8	8	1	80110	80110	80110	10
5	256	77	8	8	1	80110	80110	80110	10
5	256	85	8	8	1	80110	80110	80110	10
5	256	93	8	8	1	80110	80110	80110	10
5	256	101	8	8	1	80110	80110	80110	10
5	256	109	8	8	1	80110	80110	80110	10
5	256	117	8	8	1	80110	80110	80110	10
5	256	125	8	8	1	80110	80110	80110	10
5	256	133	8	8	1	80110	80110	80110	10
5	256	141	8	8	1	80110	80110	80110	10
5	256	149	8	8	1	80110	80110	80110	10
5	256	157	8	8	1	80110	80110	80110	10
5	32	165	8	8	29	80120	80121	80122	10
#Background color
5	43	16	14	14	16	80200	80200	80200	30
5	43	30	14	14	16	80200	80200	80200	30
5	43	44	14	14	16	80200	80200	80200	30
5	43	58	14	14	16	80200	80200	80200	30
5	43	72	14	14	16	80200	80200	80200	30
5	43	86	14	14	16	80200	80200	80200	30
5	43	100	14	14	16	80200	80200	80200	30
5	43	114	14	14	16	80200	80200	80200	30
5	43	128	14	14	16	80200	80200	80200	30
5	43	142	14	14	16	80200	80200	80200	30
5	43	156	14	14	16	80200	80200	80200	30

#This use for block
#5	85	16	15	15	1	80200	80200	80200	10
5	44	49	15	15	1	80200	80200	80200	10
5	85	72	15	15	1	80200	80200	80200	10
5	85	86	15	15	1	80200	80200	80200	10
5	85	100	15	15	1	80200	80200	80200	10
5	85	114	15	15	1	80200	80200	80200	10
5	85	128	15	15	1	80200	80200	80200	10
5	85	142	15	15	1	80200	80200	80200	10
5	85	156	15	15	1	80200	80200	80200	10
5	108	100	15	15	1	80200	80200	80200	10
5	174	97.5	15	15	6	80200	80200	80200	10

5	174	129	15	15	6	80200	80200	80200	10
5	174	144	15	15	6	80200	80200	80200	10
5	174	159	15	15	6	80200	80200	80200	10

5	76	98	15	15	1	80200	80200	80200	10

5	139	129	15	15	1	80200	80200	80200	10